[0, 0, 0, 0, 0]: ORGAN, 1.1904761904761905
[1, 0, 0, 0, 0]: None!, 0
[2, 0, 0, 0, 0]: JOBBY, 0.0
[0, 1, 0, 0, 0]: FRICK, 0.8
[1, 1, 0, 0, 0]: LABIA, 0.5
[2, 1, 0, 0, 0]: BOINK, 0.0
[0, 2, 0, 0, 0]: MILKY, 1.0
[1, 2, 0, 0, 0]: HIMBO, 0.0
[2, 2, 0, 0, 0]: None!, 0
[0, 0, 1, 0, 0]: CUNTY, 0.5
[1, 0, 1, 0, 0]: THROB, 0.0
[2, 0, 1, 0, 0]: BOOTY, 0.0
[0, 1, 1, 0, 0]: THICK, 0.6666666666666667
[1, 1, 1, 0, 0]: None!, 0
[2, 1, 1, 0, 0]: None!, 0
[0, 2, 1, 0, 0]: DIRTY, 0.6666666666666667
[1, 2, 1, 0, 0]: None!, 0
[2, 2, 1, 0, 0]: None!, 0
[0, 0, 2, 0, 0]: TWUNT, 0.0
[1, 0, 2, 0, 0]: None!, 0
[2, 0, 2, 0, 0]: None!, 0
[0, 1, 2, 0, 0]: TAINT, 0.0
[1, 1, 2, 0, 0]: None!, 0
[2, 1, 2, 0, 0]: None!, 0
[0, 2, 2, 0, 0]: None!, 0
[1, 2, 2, 0, 0]: None!, 0
[2, 2, 2, 0, 0]: None!, 0
[0, 0, 0, 1, 0]: FRICK, 1.0
[1, 0, 0, 1, 0]: None!, 0
[2, 0, 0, 1, 0]: BULGE, 0.0
[0, 1, 0, 1, 0]: VEINY, 0.5
[1, 1, 0, 1, 0]: None!, 0
[2, 1, 0, 1, 0]: None!, 0
[0, 2, 0, 1, 0]: MINGE, 0.0
[1, 2, 0, 1, 0]: None!, 0
[2, 2, 0, 1, 0]: None!, 0
[0, 0, 1, 1, 0]: TWERK, 0.0
[1, 0, 1, 1, 0]: None!, 0
[2, 0, 1, 1, 0]: None!, 0
[0, 1, 1, 1, 0]: None!, 0
[1, 1, 1, 1, 0]: None!, 0
[2, 1, 1, 1, 0]: None!, 0
[0, 2, 1, 1, 0]: TITTY, 0.0
[1, 2, 1, 1, 0]: None!, 0
[2, 2, 1, 1, 0]: None!, 0
[0, 0, 2, 1, 0]: None!, 0
[1, 0, 2, 1, 0]: None!, 0
[2, 0, 2, 1, 0]: None!, 0
[0, 1, 2, 1, 0]: None!, 0
[1, 1, 2, 1, 0]: None!, 0
[2, 1, 2, 1, 0]: None!, 0
[0, 2, 2, 1, 0]: None!, 0
[1, 2, 2, 1, 0]: None!, 0
[2, 2, 2, 1, 0]: None!, 0
[0, 0, 0, 2, 0]: ENEMA, 0.6666666666666667
[1, 0, 0, 2, 0]: LUBED, 0.0
[2, 0, 0, 2, 0]: BONED, 0.5
[0, 1, 0, 2, 0]: None!, 0
[1, 1, 0, 2, 0]: None!, 0
[2, 1, 0, 2, 0]: None!, 0
[0, 2, 0, 2, 0]: HINEY, 0.5
[1, 2, 0, 2, 0]: None!, 0
[2, 2, 0, 2, 0]: None!, 0
[0, 0, 1, 2, 0]: ERECT, 0.0
[1, 0, 1, 2, 0]: None!, 0
[2, 0, 1, 2, 0]: None!, 0
[0, 1, 1, 2, 0]: None!, 0
[1, 1, 1, 2, 0]: None!, 0
[2, 1, 1, 2, 0]: None!, 0
[0, 2, 1, 2, 0]: None!, 0
[1, 2, 1, 2, 0]: None!, 0
[2, 2, 1, 2, 0]: None!, 0
[0, 0, 2, 2, 0]: None!, 0
[1, 0, 2, 2, 0]: None!, 0
[2, 0, 2, 2, 0]: None!, 0
[0, 1, 2, 2, 0]: None!, 0
[1, 1, 2, 2, 0]: None!, 0
[2, 1, 2, 2, 0]: None!, 0
[0, 2, 2, 2, 0]: None!, 0
[1, 2, 2, 2, 0]: None!, 0
[2, 2, 2, 2, 0]: None!, 0
[0, 0, 0, 0, 1]: SPANK, 0.6666666666666667
[1, 0, 0, 0, 1]: None!, 0
[2, 0, 0, 0, 1]: BREED, 0.0
[0, 1, 0, 0, 1]: SWING, 0.0
[1, 1, 0, 0, 1]: None!, 0
[2, 1, 0, 0, 1]: None!, 0
[0, 2, 0, 0, 1]: None!, 0
[1, 2, 0, 0, 1]: None!, 0
[2, 2, 0, 0, 1]: None!, 0
[0, 0, 1, 0, 1]: SHART, 0.6666666666666667
[1, 0, 1, 0, 1]: None!, 0
[2, 0, 1, 0, 1]: BUSTY, 0.0
[0, 1, 1, 0, 1]: MOIST, 0.0
[1, 1, 1, 0, 1]: None!, 0
[2, 1, 1, 0, 1]: None!, 0
[0, 2, 1, 0, 1]: None!, 0
[1, 2, 1, 0, 1]: None!, 0
[2, 2, 1, 0, 1]: None!, 0
[0, 0, 2, 0, 1]: None!, 0
[1, 0, 2, 0, 1]: None!, 0
[2, 0, 2, 0, 1]: None!, 0
[0, 1, 2, 0, 1]: None!, 0
[1, 1, 2, 0, 1]: None!, 0
[2, 1, 2, 0, 1]: None!, 0
[0, 2, 2, 0, 1]: None!, 0
[1, 2, 2, 0, 1]: None!, 0
[2, 2, 2, 0, 1]: None!, 0
[0, 0, 0, 1, 1]: SPERM, 0.0
[1, 0, 0, 1, 1]: None!, 0
[2, 0, 0, 1, 1]: None!, 0
[0, 1, 0, 1, 1]: None!, 0
[1, 1, 0, 1, 1]: None!, 0
[2, 1, 0, 1, 1]: None!, 0
[0, 2, 0, 1, 1]: None!, 0
[1, 2, 0, 1, 1]: None!, 0
[2, 2, 0, 1, 1]: None!, 0
[0, 0, 1, 1, 1]: None!, 0
[1, 0, 1, 1, 1]: None!, 0
[2, 0, 1, 1, 1]: None!, 0
[0, 1, 1, 1, 1]: SHITE, 0.0
[1, 1, 1, 1, 1]: None!, 0
[2, 1, 1, 1, 1]: None!, 0
[0, 2, 1, 1, 1]: None!, 0
[1, 2, 1, 1, 1]: None!, 0
[2, 2, 1, 1, 1]: None!, 0
[0, 0, 2, 1, 1]: None!, 0
[1, 0, 2, 1, 1]: None!, 0
[2, 0, 2, 1, 1]: None!, 0
[0, 1, 2, 1, 1]: None!, 0
[1, 1, 2, 1, 1]: None!, 0
[2, 1, 2, 1, 1]: None!, 0
[0, 2, 2, 1, 1]: None!, 0
[1, 2, 2, 1, 1]: None!, 0
[2, 2, 2, 1, 1]: None!, 0
[0, 0, 0, 2, 1]: SCREW, 0.0
[1, 0, 0, 2, 1]: None!, 0
[2, 0, 0, 2, 1]: None!, 0
[0, 1, 0, 2, 1]: None!, 0
[1, 1, 0, 2, 1]: None!, 0
[2, 1, 0, 2, 1]: None!, 0
[0, 2, 0, 2, 1]: None!, 0
[1, 2, 0, 2, 1]: None!, 0
[2, 2, 0, 2, 1]: None!, 0
[0, 0, 1, 2, 1]: None!, 0
[1, 0, 1, 2, 1]: None!, 0
[2, 0, 1, 2, 1]: None!, 0
[0, 1, 1, 2, 1]: None!, 0
[1, 1, 1, 2, 1]: None!, 0
[2, 1, 1, 2, 1]: None!, 0
[0, 2, 1, 2, 1]: None!, 0
[1, 2, 1, 2, 1]: None!, 0
[2, 2, 1, 2, 1]: None!, 0
[0, 0, 2, 2, 1]: None!, 0
[1, 0, 2, 2, 1]: None!, 0
[2, 0, 2, 2, 1]: None!, 0
[0, 1, 2, 2, 1]: None!, 0
[1, 1, 2, 2, 1]: None!, 0
[2, 1, 2, 2, 1]: None!, 0
[0, 2, 2, 2, 1]: None!, 0
[1, 2, 2, 2, 1]: None!, 0
[2, 2, 2, 2, 1]: None!, 0
[0, 0, 0, 0, 2]: DONGS, 1.4117647058823528
[1, 0, 0, 0, 2]: KNOBS, 0.5
[2, 0, 0, 0, 2]: BALLS, 0.75
[0, 1, 0, 0, 2]: QUIMS, 0.6666666666666667
[1, 1, 0, 0, 2]: None!, 0
[2, 1, 0, 0, 2]: None!, 0
[0, 2, 0, 0, 2]: DILFS, 1.2
[1, 2, 0, 0, 2]: None!, 0
[2, 2, 0, 0, 2]: None!, 0
[0, 0, 1, 0, 2]: CUNTS, 0.75
[1, 0, 1, 0, 2]: None!, 0
[2, 0, 1, 0, 2]: None!, 0
[0, 1, 1, 0, 2]: CLITS, 0.0
[1, 1, 1, 0, 2]: None!, 0
[2, 1, 1, 0, 2]: None!, 0
[0, 2, 1, 0, 2]: None!, 0
[1, 2, 1, 0, 2]: None!, 0
[2, 2, 1, 0, 2]: None!, 0
[0, 0, 2, 0, 2]: TWATS, 0.0
[1, 0, 2, 0, 2]: None!, 0
[2, 0, 2, 0, 2]: None!, 0
[0, 1, 2, 0, 2]: None!, 0
[1, 1, 2, 0, 2]: None!, 0
[2, 1, 2, 0, 2]: None!, 0
[0, 2, 2, 0, 2]: None!, 0
[1, 2, 2, 0, 2]: None!, 0
[2, 2, 2, 0, 2]: None!, 0
[0, 0, 0, 1, 2]: LEWDS, 0.0
[1, 0, 0, 1, 2]: None!, 0
[2, 0, 0, 1, 2]: BUTTS, 0.0
[0, 1, 0, 1, 2]: PENIS, 0.5
[1, 1, 0, 1, 2]: None!, 0
[2, 1, 0, 1, 2]: None!, 0
[0, 2, 0, 1, 2]: None!, 0
[1, 2, 0, 1, 2]: None!, 0
[2, 2, 0, 1, 2]: None!, 0
[0, 0, 1, 1, 2]: None!, 0
[1, 0, 1, 1, 2]: None!, 0
[2, 0, 1, 1, 2]: None!, 0
[0, 1, 1, 1, 2]: None!, 0
[1, 1, 1, 1, 2]: None!, 0
[2, 1, 1, 1, 2]: None!, 0
[0, 2, 1, 1, 2]: None!, 0
[1, 2, 1, 1, 2]: None!, 0
[2, 2, 1, 1, 2]: None!, 0
[0, 0, 2, 1, 2]: TEATS, 0.0
[1, 0, 2, 1, 2]: None!, 0
[2, 0, 2, 1, 2]: None!, 0
[0, 1, 2, 1, 2]: None!, 0
[1, 1, 2, 1, 2]: None!, 0
[2, 1, 2, 1, 2]: None!, 0
[0, 2, 2, 1, 2]: None!, 0
[1, 2, 2, 1, 2]: None!, 0
[2, 2, 2, 1, 2]: None!, 0
[0, 0, 0, 2, 2]: NUDES, 0.0
[1, 0, 0, 2, 2]: PUBES, 0.0
[2, 0, 0, 2, 2]: None!, 0
[0, 1, 0, 2, 2]: None!, 0
[1, 1, 0, 2, 2]: None!, 0
[2, 1, 0, 2, 2]: None!, 0
[0, 2, 0, 2, 2]: None!, 0
[1, 2, 0, 2, 2]: None!, 0
[2, 2, 0, 2, 2]: None!, 0
[0, 0, 1, 2, 2]: None!, 0
[1, 0, 1, 2, 2]: None!, 0
[2, 0, 1, 2, 2]: None!, 0
[0, 1, 1, 2, 2]: None!, 0
[1, 1, 1, 2, 2]: None!, 0
[2, 1, 1, 2, 2]: None!, 0
[0, 2, 1, 2, 2]: None!, 0
[1, 2, 1, 2, 2]: None!, 0
[2, 2, 1, 2, 2]: None!, 0
[0, 0, 2, 2, 2]: None!, 0
[1, 0, 2, 2, 2]: None!, 0
[2, 0, 2, 2, 2]: None!, 0
[0, 1, 2, 2, 2]: None!, 0
[1, 1, 2, 2, 2]: None!, 0
[2, 1, 2, 2, 2]: None!, 0
[0, 2, 2, 2, 2]: None!, 0
[1, 2, 2, 2, 2]: None!, 0
[2, 2, 2, 2, 2]: None!, 0
