[0, 0, 0, 0, 0]: TWERK, 1.0833333333333333
[1, 0, 0, 0, 0]: FECAL, 0.75
[2, 0, 0, 0, 0]: LUBED, 0.0
[0, 1, 0, 0, 0]: CHOKE, 0.8
[1, 1, 0, 0, 0]: None!, 0
[2, 1, 0, 0, 0]: None!, 0
[0, 2, 0, 0, 0]: GIMPS, 1.0
[1, 2, 0, 0, 0]: GROOL, 0.0
[2, 2, 0, 0, 0]: None!, 0
[0, 0, 1, 0, 0]: GIRTH, 1.0833333333333333
[1, 0, 1, 0, 0]: FILTH, 0.0
[2, 0, 1, 0, 0]: WILLY, 0.5
[0, 1, 1, 0, 0]: HIMBO, 0.0
[1, 1, 1, 0, 0]: DILDO, 0.0
[2, 1, 1, 0, 0]: None!, 0
[0, 2, 1, 0, 0]: None!, 0
[1, 2, 1, 0, 0]: None!, 0
[2, 2, 1, 0, 0]: None!, 0
[0, 0, 2, 0, 0]: PRICK, 0.75
[1, 0, 2, 0, 0]: None!, 0
[2, 0, 2, 0, 0]: None!, 0
[0, 1, 2, 0, 0]: None!, 0
[1, 1, 2, 0, 0]: None!, 0
[2, 1, 2, 0, 0]: None!, 0
[0, 2, 2, 0, 0]: None!, 0
[1, 2, 2, 0, 0]: None!, 0
[2, 2, 2, 0, 0]: None!, 0
[0, 0, 0, 1, 0]: RANDY, 0.8333333333333334
[1, 0, 0, 1, 0]: None!, 0
[2, 0, 0, 1, 0]: None!, 0
[0, 1, 0, 1, 0]: ORGAN, 0.0
[1, 1, 0, 1, 0]: None!, 0
[2, 1, 0, 1, 0]: None!, 0
[0, 2, 0, 1, 0]: GONAD, 0.6666666666666667
[1, 2, 0, 1, 0]: None!, 0
[2, 2, 0, 1, 0]: None!, 0
[0, 0, 1, 1, 0]: VIXEN, 0.75
[1, 0, 1, 1, 0]: None!, 0
[2, 0, 1, 1, 0]: None!, 0
[0, 1, 1, 1, 0]: GROIN, 0.0
[1, 1, 1, 1, 0]: None!, 0
[2, 1, 1, 1, 0]: None!, 0
[0, 2, 1, 1, 0]: None!, 0
[1, 2, 1, 1, 0]: None!, 0
[2, 2, 1, 1, 0]: None!, 0
[0, 0, 2, 1, 0]: None!, 0
[1, 0, 2, 1, 0]: None!, 0
[2, 0, 2, 1, 0]: None!, 0
[0, 1, 2, 1, 0]: None!, 0
[1, 1, 2, 1, 0]: None!, 0
[2, 1, 2, 1, 0]: None!, 0
[0, 2, 2, 1, 0]: None!, 0
[1, 2, 2, 1, 0]: None!, 0
[2, 2, 2, 1, 0]: None!, 0
[0, 0, 0, 2, 0]: TWUNT, 0.0
[1, 0, 0, 2, 0]: None!, 0
[2, 0, 0, 2, 0]: None!, 0
[0, 1, 0, 2, 0]: None!, 0
[1, 1, 0, 2, 0]: None!, 0
[2, 1, 0, 2, 0]: None!, 0
[0, 2, 0, 2, 0]: POUND, 0.5
[1, 2, 0, 2, 0]: None!, 0
[2, 2, 0, 2, 0]: None!, 0
[0, 0, 1, 2, 0]: PORNO, 0.0
[1, 0, 1, 2, 0]: None!, 0
[2, 0, 1, 2, 0]: None!, 0
[0, 1, 1, 2, 0]: None!, 0
[1, 1, 1, 2, 0]: None!, 0
[2, 1, 1, 2, 0]: None!, 0
[0, 2, 1, 2, 0]: None!, 0
[1, 2, 1, 2, 0]: None!, 0
[2, 2, 1, 2, 0]: None!, 0
[0, 0, 2, 2, 0]: WENCH, 1.0
[1, 0, 2, 2, 0]: None!, 0
[2, 0, 2, 2, 0]: None!, 0
[0, 1, 2, 2, 0]: None!, 0
[1, 1, 2, 2, 0]: None!, 0
[2, 1, 2, 2, 0]: None!, 0
[0, 2, 2, 2, 0]: DOINK, 0.5
[1, 2, 2, 2, 0]: None!, 0
[2, 2, 2, 2, 0]: None!, 0
[0, 0, 0, 0, 1]: SHART, 0.875
[1, 0, 0, 0, 1]: None!, 0
[2, 0, 0, 0, 1]: None!, 0
[0, 1, 0, 0, 1]: None!, 0
[1, 1, 0, 0, 1]: None!, 0
[2, 1, 0, 0, 1]: None!, 0
[0, 2, 0, 0, 1]: None!, 0
[1, 2, 0, 0, 1]: None!, 0
[2, 2, 0, 0, 1]: None!, 0
[0, 0, 1, 0, 1]: None!, 0
[1, 0, 1, 0, 1]: None!, 0
[2, 0, 1, 0, 1]: None!, 0
[0, 1, 1, 0, 1]: None!, 0
[1, 1, 1, 0, 1]: None!, 0
[2, 1, 1, 0, 1]: None!, 0
[0, 2, 1, 0, 1]: None!, 0
[1, 2, 1, 0, 1]: None!, 0
[2, 2, 1, 0, 1]: None!, 0
[0, 0, 2, 0, 1]: SHITE, 0.0
[1, 0, 2, 0, 1]: None!, 0
[2, 0, 2, 0, 1]: None!, 0
[0, 1, 2, 0, 1]: None!, 0
[1, 1, 2, 0, 1]: None!, 0
[2, 1, 2, 0, 1]: None!, 0
[0, 2, 2, 0, 1]: MOIST, 0.0
[1, 2, 2, 0, 1]: None!, 0
[2, 2, 2, 0, 1]: None!, 0
[0, 0, 0, 1, 1]: NASTY, 0.5
[1, 0, 0, 1, 1]: None!, 0
[2, 0, 0, 1, 1]: None!, 0
[0, 1, 0, 1, 1]: None!, 0
[1, 1, 0, 1, 1]: None!, 0
[2, 1, 0, 1, 1]: None!, 0
[0, 2, 0, 1, 1]: None!, 0
[1, 2, 0, 1, 1]: None!, 0
[2, 2, 0, 1, 1]: None!, 0
[0, 0, 1, 1, 1]: None!, 0
[1, 0, 1, 1, 1]: None!, 0
[2, 0, 1, 1, 1]: None!, 0
[0, 1, 1, 1, 1]: None!, 0
[1, 1, 1, 1, 1]: None!, 0
[2, 1, 1, 1, 1]: None!, 0
[0, 2, 1, 1, 1]: None!, 0
[1, 2, 1, 1, 1]: None!, 0
[2, 2, 1, 1, 1]: None!, 0
[0, 0, 2, 1, 1]: None!, 0
[1, 0, 2, 1, 1]: None!, 0
[2, 0, 2, 1, 1]: None!, 0
[0, 1, 2, 1, 1]: None!, 0
[1, 1, 2, 1, 1]: None!, 0
[2, 1, 2, 1, 1]: None!, 0
[0, 2, 2, 1, 1]: None!, 0
[1, 2, 2, 1, 1]: None!, 0
[2, 2, 2, 1, 1]: None!, 0
[0, 0, 0, 2, 1]: SPANK, 0.5
[1, 0, 0, 2, 1]: None!, 0
[2, 0, 0, 2, 1]: None!, 0
[0, 1, 0, 2, 1]: None!, 0
[1, 1, 0, 2, 1]: None!, 0
[2, 1, 0, 2, 1]: None!, 0
[0, 2, 0, 2, 1]: None!, 0
[1, 2, 0, 2, 1]: None!, 0
[2, 2, 0, 2, 1]: None!, 0
[0, 0, 1, 2, 1]: None!, 0
[1, 0, 1, 2, 1]: None!, 0
[2, 0, 1, 2, 1]: None!, 0
[0, 1, 1, 2, 1]: None!, 0
[1, 1, 1, 2, 1]: None!, 0
[2, 1, 1, 2, 1]: None!, 0
[0, 2, 1, 2, 1]: None!, 0
[1, 2, 1, 2, 1]: None!, 0
[2, 2, 1, 2, 1]: None!, 0
[0, 0, 2, 2, 1]: SWING, 0.0
[1, 0, 2, 2, 1]: None!, 0
[2, 0, 2, 2, 1]: None!, 0
[0, 1, 2, 2, 1]: None!, 0
[1, 1, 2, 2, 1]: None!, 0
[2, 1, 2, 2, 1]: None!, 0
[0, 2, 2, 2, 1]: None!, 0
[1, 2, 2, 2, 1]: None!, 0
[2, 2, 2, 2, 1]: None!, 0
[0, 0, 0, 0, 2]: CREAM, 1.2666666666666666
[1, 0, 0, 0, 2]: FLAPS, 0.0
[2, 0, 0, 0, 2]: LEWDS, 0.5
[0, 1, 0, 0, 2]: None!, 0
[1, 1, 0, 0, 2]: BLOWS, 0.0
[2, 1, 0, 0, 2]: None!, 0
[0, 2, 0, 0, 2]: COCKS, 0.0
[1, 2, 0, 0, 2]: None!, 0
[2, 2, 0, 0, 2]: LOADS, 0.0
[0, 0, 1, 0, 2]: BITCH, 1.0
[1, 0, 1, 0, 2]: DONGS, 1.0
[2, 0, 1, 0, 2]: None!, 0
[0, 1, 1, 0, 2]: None!, 0
[1, 1, 1, 0, 2]: None!, 0
[2, 1, 1, 0, 2]: None!, 0
[0, 2, 1, 0, 2]: None!, 0
[1, 2, 1, 0, 2]: None!, 0
[2, 2, 1, 0, 2]: None!, 0
[0, 0, 2, 0, 2]: QUIMS, 0.0
[1, 0, 2, 0, 2]: CLITS, 0.0
[2, 0, 2, 0, 2]: None!, 0
[0, 1, 2, 0, 2]: None!, 0
[1, 1, 2, 0, 2]: None!, 0
[2, 1, 2, 0, 2]: None!, 0
[0, 2, 2, 0, 2]: None!, 0
[1, 2, 2, 0, 2]: None!, 0
[2, 2, 2, 0, 2]: None!, 0
[0, 0, 0, 1, 2]: WANKS, 0.8333333333333334
[1, 0, 0, 1, 2]: None!, 0
[2, 0, 0, 1, 2]: None!, 0
[0, 1, 0, 1, 2]: KNOBS, 0.0
[1, 1, 0, 1, 2]: None!, 0
[2, 1, 0, 1, 2]: None!, 0
[0, 2, 0, 1, 2]: DONGS, 0.0
[1, 2, 0, 1, 2]: None!, 0
[2, 2, 0, 1, 2]: None!, 0
[0, 0, 1, 1, 2]: PENIS, 0.5
[1, 0, 1, 1, 2]: None!, 0
[2, 0, 1, 1, 2]: None!, 0
[0, 1, 1, 1, 2]: None!, 0
[1, 1, 1, 1, 2]: None!, 0
[2, 1, 1, 1, 2]: None!, 0
[0, 2, 1, 1, 2]: None!, 0
[1, 2, 1, 1, 2]: None!, 0
[2, 2, 1, 1, 2]: None!, 0
[0, 0, 2, 1, 2]: None!, 0
[1, 0, 2, 1, 2]: None!, 0
[2, 0, 2, 1, 2]: None!, 0
[0, 1, 2, 1, 2]: None!, 0
[1, 1, 2, 1, 2]: None!, 0
[2, 1, 2, 1, 2]: None!, 0
[0, 2, 2, 1, 2]: None!, 0
[1, 2, 2, 1, 2]: None!, 0
[2, 2, 2, 1, 2]: None!, 0
[0, 0, 0, 2, 2]: None!, 0
[1, 0, 0, 2, 2]: None!, 0
[2, 0, 0, 2, 2]: None!, 0
[0, 1, 0, 2, 2]: None!, 0
[1, 1, 0, 2, 2]: None!, 0
[2, 1, 0, 2, 2]: None!, 0
[0, 2, 0, 2, 2]: MOANS, 0.0
[1, 2, 0, 2, 2]: None!, 0
[2, 2, 0, 2, 2]: None!, 0
[0, 0, 1, 2, 2]: None!, 0
[1, 0, 1, 2, 2]: None!, 0
[2, 0, 1, 2, 2]: None!, 0
[0, 1, 1, 2, 2]: None!, 0
[1, 1, 1, 2, 2]: None!, 0
[2, 1, 1, 2, 2]: None!, 0
[0, 2, 1, 2, 2]: None!, 0
[1, 2, 1, 2, 2]: None!, 0
[2, 2, 1, 2, 2]: None!, 0
[0, 0, 2, 2, 2]: None!, 0
[1, 0, 2, 2, 2]: None!, 0
[2, 0, 2, 2, 2]: None!, 0
[0, 1, 2, 2, 2]: None!, 0
[1, 1, 2, 2, 2]: None!, 0
[2, 1, 2, 2, 2]: None!, 0
[0, 2, 2, 2, 2]: None!, 0
[1, 2, 2, 2, 2]: None!, 0
[2, 2, 2, 2, 2]: LOINS, 0.0
