[0, 0, 0, 0, 0]: CHODE, 1.3636363636363638
[1, 0, 0, 0, 0]: GROPE, 0.0
[2, 0, 0, 0, 0]: PRICK, 0.75
[0, 1, 0, 0, 0]: FECAL, 0.8333333333333334
[1, 1, 0, 0, 0]: None!, 0
[2, 1, 0, 0, 0]: None!, 0
[0, 2, 0, 0, 0]: DADDY, 0.0
[1, 2, 0, 0, 0]: GAPED, 0.0
[2, 2, 0, 0, 0]: None!, 0
[0, 0, 1, 0, 0]: BREED, 1.0
[1, 0, 1, 0, 0]: None!, 0
[2, 0, 1, 0, 0]: PORNO, 0.5
[0, 1, 1, 0, 0]: ORGAN, 0.5
[1, 1, 1, 0, 0]: None!, 0
[2, 1, 1, 0, 0]: None!, 0
[0, 2, 1, 0, 0]: NAKED, 0.0
[1, 2, 1, 0, 0]: None!, 0
[2, 2, 1, 0, 0]: None!, 0
[0, 0, 2, 0, 0]: HAIRY, 1.0
[1, 0, 2, 0, 0]: None!, 0
[2, 0, 2, 0, 0]: None!, 0
[0, 1, 2, 0, 0]: GONAD, 0.0
[1, 1, 2, 0, 0]: None!, 0
[2, 1, 2, 0, 0]: None!, 0
[0, 2, 2, 0, 0]: RANDY, 0.5
[1, 2, 2, 0, 0]: None!, 0
[2, 2, 2, 0, 0]: None!, 0
[0, 0, 0, 1, 0]: TWERK, 0.8333333333333334
[1, 0, 0, 1, 0]: TRUMP, 0.0
[2, 0, 0, 1, 0]: None!, 0
[0, 1, 0, 1, 0]: None!, 0
[1, 1, 0, 1, 0]: None!, 0
[2, 1, 0, 1, 0]: None!, 0
[0, 2, 0, 1, 0]: FANNY, 0.0
[1, 2, 0, 1, 0]: None!, 0
[2, 2, 0, 1, 0]: None!, 0
[0, 0, 1, 1, 0]: TWINK, 0.0
[1, 0, 1, 1, 0]: None!, 0
[2, 0, 1, 1, 0]: None!, 0
[0, 1, 1, 1, 0]: None!, 0
[1, 1, 1, 1, 0]: None!, 0
[2, 1, 1, 1, 0]: None!, 0
[0, 2, 1, 1, 0]: None!, 0
[1, 2, 1, 1, 0]: None!, 0
[2, 2, 1, 1, 0]: None!, 0
[0, 0, 2, 1, 0]: None!, 0
[1, 0, 2, 1, 0]: None!, 0
[2, 0, 2, 1, 0]: None!, 0
[0, 1, 2, 1, 0]: None!, 0
[1, 1, 2, 1, 0]: None!, 0
[2, 1, 2, 1, 0]: None!, 0
[0, 2, 2, 1, 0]: None!, 0
[1, 2, 2, 1, 0]: None!, 0
[2, 2, 2, 1, 0]: None!, 0
[0, 0, 0, 2, 0]: GIRTH, 0.75
[1, 0, 0, 2, 0]: None!, 0
[2, 0, 0, 2, 0]: None!, 0
[0, 1, 0, 2, 0]: None!, 0
[1, 1, 0, 2, 0]: None!, 0
[2, 1, 0, 2, 0]: None!, 0
[0, 2, 0, 2, 0]: None!, 0
[1, 2, 0, 2, 0]: None!, 0
[2, 2, 0, 2, 0]: None!, 0
[0, 0, 1, 2, 0]: TWUNT, 0.0
[1, 0, 1, 2, 0]: None!, 0
[2, 0, 1, 2, 0]: None!, 0
[0, 1, 1, 2, 0]: None!, 0
[1, 1, 1, 2, 0]: None!, 0
[2, 1, 1, 2, 0]: None!, 0
[0, 2, 1, 2, 0]: TAINT, 0.0
[1, 2, 1, 2, 0]: None!, 0
[2, 2, 1, 2, 0]: None!, 0
[0, 0, 2, 2, 0]: CUNTY, 0.0
[1, 0, 2, 2, 0]: None!, 0
[2, 0, 2, 2, 0]: None!, 0
[0, 1, 2, 2, 0]: None!, 0
[1, 1, 2, 2, 0]: None!, 0
[2, 1, 2, 2, 0]: None!, 0
[0, 2, 2, 2, 0]: None!, 0
[1, 2, 2, 2, 0]: None!, 0
[2, 2, 2, 2, 0]: None!, 0
[0, 0, 0, 0, 1]: SCREW, 0.0
[1, 0, 0, 0, 1]: SPERM, 0.0
[2, 0, 0, 0, 1]: POTTY, 0.0
[0, 1, 0, 0, 1]: None!, 0
[1, 1, 0, 0, 1]: None!, 0
[2, 1, 0, 0, 1]: None!, 0
[0, 2, 0, 0, 1]: None!, 0
[1, 2, 0, 0, 1]: None!, 0
[2, 2, 0, 0, 1]: None!, 0
[0, 0, 1, 0, 1]: SEMEN, 0.5
[1, 0, 1, 0, 1]: SPUNK, 0.0
[2, 0, 1, 0, 1]: None!, 0
[0, 1, 1, 0, 1]: None!, 0
[1, 1, 1, 0, 1]: SPANK, 0.0
[2, 1, 1, 0, 1]: None!, 0
[0, 2, 1, 0, 1]: None!, 0
[1, 2, 1, 0, 1]: None!, 0
[2, 2, 1, 0, 1]: None!, 0
[0, 0, 2, 0, 1]: None!, 0
[1, 0, 2, 0, 1]: None!, 0
[2, 0, 2, 0, 1]: None!, 0
[0, 1, 2, 0, 1]: None!, 0
[1, 1, 2, 0, 1]: None!, 0
[2, 1, 2, 0, 1]: None!, 0
[0, 2, 2, 0, 1]: None!, 0
[1, 2, 2, 0, 1]: None!, 0
[2, 2, 2, 0, 1]: None!, 0
[0, 0, 0, 1, 1]: SKEET, 0.6666666666666667
[1, 0, 0, 1, 1]: None!, 0
[2, 0, 0, 1, 1]: None!, 0
[0, 1, 0, 1, 1]: SHART, 0.5
[1, 1, 0, 1, 1]: None!, 0
[2, 1, 0, 1, 1]: None!, 0
[0, 2, 0, 1, 1]: None!, 0
[1, 2, 0, 1, 1]: None!, 0
[2, 2, 0, 1, 1]: None!, 0
[0, 0, 1, 1, 1]: None!, 0
[1, 0, 1, 1, 1]: None!, 0
[2, 0, 1, 1, 1]: None!, 0
[0, 1, 1, 1, 1]: None!, 0
[1, 1, 1, 1, 1]: None!, 0
[2, 1, 1, 1, 1]: None!, 0
[0, 2, 1, 1, 1]: None!, 0
[1, 2, 1, 1, 1]: None!, 0
[2, 2, 1, 1, 1]: None!, 0
[0, 0, 2, 1, 1]: None!, 0
[1, 0, 2, 1, 1]: None!, 0
[2, 0, 2, 1, 1]: None!, 0
[0, 1, 2, 1, 1]: None!, 0
[1, 1, 2, 1, 1]: None!, 0
[2, 1, 2, 1, 1]: None!, 0
[0, 2, 2, 1, 1]: None!, 0
[1, 2, 2, 1, 1]: None!, 0
[2, 2, 2, 1, 1]: None!, 0
[0, 0, 0, 2, 1]: SHITE, 0.5
[1, 0, 0, 2, 1]: None!, 0
[2, 0, 0, 2, 1]: None!, 0
[0, 1, 0, 2, 1]: None!, 0
[1, 1, 0, 2, 1]: None!, 0
[2, 1, 0, 2, 1]: None!, 0
[0, 2, 0, 2, 1]: None!, 0
[1, 2, 0, 2, 1]: None!, 0
[2, 2, 0, 2, 1]: None!, 0
[0, 0, 1, 2, 1]: None!, 0
[1, 0, 1, 2, 1]: None!, 0
[2, 0, 1, 2, 1]: None!, 0
[0, 1, 1, 2, 1]: None!, 0
[1, 1, 1, 2, 1]: None!, 0
[2, 1, 1, 2, 1]: None!, 0
[0, 2, 1, 2, 1]: NASTY, 0.0
[1, 2, 1, 2, 1]: None!, 0
[2, 2, 1, 2, 1]: None!, 0
[0, 0, 2, 2, 1]: None!, 0
[1, 0, 2, 2, 1]: None!, 0
[2, 0, 2, 2, 1]: None!, 0
[0, 1, 2, 2, 1]: None!, 0
[1, 1, 2, 2, 1]: None!, 0
[2, 1, 2, 2, 1]: None!, 0
[0, 2, 2, 2, 1]: None!, 0
[1, 2, 2, 2, 1]: None!, 0
[2, 2, 2, 2, 1]: None!, 0
[0, 0, 0, 0, 2]: HIMBO, 1.4375
[1, 0, 0, 0, 2]: None!, 0
[2, 0, 0, 0, 2]: PISSY, 0.6666666666666667
[0, 1, 0, 0, 2]: LOADS, 0.6666666666666667
[1, 1, 0, 0, 2]: CRAPS, 0.5
[2, 1, 0, 0, 2]: None!, 0
[0, 2, 0, 0, 2]: BALLS, 0.0
[1, 2, 0, 0, 2]: None!, 0
[2, 2, 0, 0, 2]: None!, 0
[0, 0, 1, 0, 2]: KNOBS, 0.6666666666666667
[1, 0, 1, 0, 2]: None!, 0
[2, 0, 1, 0, 2]: None!, 0
[0, 1, 1, 0, 2]: MOANS, 0.0
[1, 1, 1, 0, 2]: None!, 0
[2, 1, 1, 0, 2]: None!, 0
[0, 2, 1, 0, 2]: NARDS, 0.0
[1, 2, 1, 0, 2]: None!, 0
[2, 2, 1, 0, 2]: None!, 0
[0, 0, 2, 0, 2]: WENIS, 0.5
[1, 0, 2, 0, 2]: None!, 0
[2, 0, 2, 0, 2]: PENIS, 0.0
[0, 1, 2, 0, 2]: None!, 0
[1, 1, 2, 0, 2]: None!, 0
[2, 1, 2, 0, 2]: None!, 0
[0, 2, 2, 0, 2]: BANGS, 0.6666666666666667
[1, 2, 2, 0, 2]: None!, 0
[2, 2, 2, 0, 2]: None!, 0
[0, 0, 0, 1, 2]: TURDS, 0.0
[1, 0, 0, 1, 2]: None!, 0
[2, 0, 0, 1, 2]: None!, 0
[0, 1, 0, 1, 2]: None!, 0
[1, 1, 0, 1, 2]: None!, 0
[2, 1, 0, 1, 2]: None!, 0
[0, 2, 0, 1, 2]: None!, 0
[1, 2, 0, 1, 2]: None!, 0
[2, 2, 0, 1, 2]: None!, 0
[0, 0, 1, 1, 2]: None!, 0
[1, 0, 1, 1, 2]: None!, 0
[2, 0, 1, 1, 2]: None!, 0
[0, 1, 1, 1, 2]: None!, 0
[1, 1, 1, 1, 2]: None!, 0
[2, 1, 1, 1, 2]: None!, 0
[0, 2, 1, 1, 2]: None!, 0
[1, 2, 1, 1, 2]: None!, 0
[2, 2, 1, 1, 2]: None!, 0
[0, 0, 2, 1, 2]: None!, 0
[1, 0, 2, 1, 2]: None!, 0
[2, 0, 2, 1, 2]: None!, 0
[0, 1, 2, 1, 2]: None!, 0
[1, 1, 2, 1, 2]: None!, 0
[2, 1, 2, 1, 2]: None!, 0
[0, 2, 2, 1, 2]: None!, 0
[1, 2, 2, 1, 2]: None!, 0
[2, 2, 2, 1, 2]: None!, 0
[0, 0, 0, 2, 2]: CLITS, 0.0
[1, 0, 0, 2, 2]: None!, 0
[2, 0, 0, 2, 2]: None!, 0
[0, 1, 0, 2, 2]: None!, 0
[1, 1, 0, 2, 2]: None!, 0
[2, 1, 0, 2, 2]: None!, 0
[0, 2, 0, 2, 2]: FARTS, 0.0
[1, 2, 0, 2, 2]: None!, 0
[2, 2, 0, 2, 2]: None!, 0
[0, 0, 1, 2, 2]: None!, 0
[1, 0, 1, 2, 2]: None!, 0
[2, 0, 1, 2, 2]: None!, 0
[0, 1, 1, 2, 2]: None!, 0
[1, 1, 1, 2, 2]: None!, 0
[2, 1, 1, 2, 2]: None!, 0
[0, 2, 1, 2, 2]: None!, 0
[1, 2, 1, 2, 2]: None!, 0
[2, 2, 1, 2, 2]: None!, 0
[0, 0, 2, 2, 2]: CUNTS, 0.0
[1, 0, 2, 2, 2]: None!, 0
[2, 0, 2, 2, 2]: None!, 0
[0, 1, 2, 2, 2]: None!, 0
[1, 1, 2, 2, 2]: None!, 0
[2, 1, 2, 2, 2]: None!, 0
[0, 2, 2, 2, 2]: None!, 0
[1, 2, 2, 2, 2]: None!, 0
[2, 2, 2, 2, 2]: None!, 0
