[0, 0, 0, 0, 0]: fonly, 1.8502202643171806
[1, 0, 0, 0, 0]: humpy, 1.3333333333333333
[2, 0, 0, 0, 0]: kylin, 1.6231884057971016
[0, 1, 0, 0, 0]: pouch, 1.6739130434782608
[1, 1, 0, 0, 0]: moist, 1.2941176470588236
[2, 1, 0, 0, 0]: thiol, 1.2777777777777777
[0, 2, 0, 0, 0]: witty, 0.9166666666666666
[1, 2, 0, 0, 0]: twist, 0.0
[2, 2, 0, 0, 0]: pinko, 1.3333333333333333
[0, 0, 1, 0, 0]: coign, 1.704761904761905
[1, 0, 1, 0, 0]: xylic, 1.0
[2, 0, 1, 0, 0]: lauds, 1.2173913043478262
[0, 1, 1, 0, 0]: fonly, 1.7258064516129032
[1, 1, 1, 0, 0]: panto, 1.0
[2, 1, 1, 0, 0]: splat, 0.8
[0, 2, 1, 0, 0]: shott, 1.0
[1, 2, 1, 0, 0]: tasty, 0.0
[2, 2, 1, 0, 0]: None!, 0
[0, 0, 2, 0, 0]: linac, 1.5
[1, 0, 2, 0, 0]: munch, 1.1666666666666667
[2, 0, 2, 0, 0]: plink, 1.5357142857142856
[0, 1, 2, 0, 0]: ahint, 1.2142857142857142
[1, 1, 2, 0, 0]: boast, 0.75
[2, 1, 2, 0, 0]: shalt, 0.8
[0, 2, 2, 0, 0]: None!, 0
[1, 2, 2, 0, 0]: toast, 0.0
[2, 2, 2, 0, 0]: plink, 1.0
[0, 0, 0, 1, 0]: orcin, 1.7281553398058254
[1, 0, 0, 1, 0]: krubi, 1.2
[2, 0, 0, 1, 0]: pubco, 1.1666666666666667
[0, 1, 0, 1, 0]: bough, 1.55
[1, 1, 0, 1, 0]: frowy, 1.0
[2, 1, 0, 1, 0]: truss, 0.0
[0, 2, 0, 1, 0]: tutor, 0.6666666666666667
[1, 2, 0, 1, 0]: tryst, 0.5
[2, 2, 0, 1, 0]: strip, 0.0
[0, 0, 1, 1, 0]: carol, 1.5918367346938775
[1, 0, 1, 1, 0]: harsh, 0.75
[2, 0, 1, 1, 0]: uncap, 1.0
[0, 1, 1, 1, 0]: vapid, 1.0
[1, 1, 1, 1, 0]: artsy, 0.0
[2, 1, 1, 1, 0]: satyr, 0.0
[0, 2, 1, 1, 0]: ratty, 0.5
[1, 2, 1, 1, 0]: None!, 0
[2, 2, 1, 1, 0]: unpay, 1.0
[0, 0, 2, 1, 0]: blind, 1.5294117647058822
[1, 0, 2, 1, 0]: crash, 0.6666666666666667
[2, 0, 2, 1, 0]: brass, 0.6666666666666667
[0, 1, 2, 1, 0]: calid, 1.3076923076923077
[1, 1, 2, 1, 0]: roast, 0.5
[2, 1, 2, 1, 0]: None!, 0
[0, 2, 2, 1, 0]: tract, 0.5
[1, 2, 2, 1, 0]: None!, 0
[2, 2, 2, 1, 0]: stair, 0.0
[0, 0, 0, 2, 0]: mucor, 1.25
[1, 0, 0, 2, 0]: usurp, 0.0
[2, 0, 0, 2, 0]: winch, 1.0
[0, 1, 0, 2, 0]: dowie, 1.0
[1, 1, 0, 2, 0]: None!, 0
[2, 1, 0, 2, 0]: pouch, 1.0
[0, 2, 0, 2, 0]: None!, 0
[1, 2, 0, 2, 0]: None!, 0
[2, 2, 0, 2, 0]: kyang, 1.0
[0, 0, 1, 2, 0]: incur, 1.1578947368421053
[1, 0, 1, 2, 0]: None!, 0
[2, 0, 1, 2, 0]: None!, 0
[0, 1, 1, 2, 0]: abort, 0.5
[1, 1, 1, 2, 0]: None!, 0
[2, 1, 1, 2, 0]: None!, 0
[0, 2, 1, 2, 0]: None!, 0
[1, 2, 1, 2, 0]: None!, 0
[2, 2, 1, 2, 0]: None!, 0
[0, 0, 2, 2, 0]: whyda, 1.1538461538461537
[1, 0, 2, 2, 0]: None!, 0
[2, 0, 2, 2, 0]: lymph, 1.25
[0, 1, 2, 2, 0]: quart, 0.5
[1, 1, 2, 2, 0]: None!, 0
[2, 1, 2, 2, 0]: smart, 0.0
[0, 2, 2, 2, 0]: None!, 0
[1, 2, 2, 2, 0]: None!, 0
[2, 2, 2, 2, 0]: stark, 0.0
[0, 0, 0, 0, 1]: lemon, 1.7058823529411766
[1, 0, 0, 0, 1]: pesky, 0.8333333333333334
[2, 0, 0, 0, 1]: thiol, 1.1764705882352942
[0, 1, 0, 0, 1]: felid, 1.5
[1, 1, 0, 0, 1]: hoing, 1.3333333333333333
[2, 1, 0, 0, 1]: spelt, 0.8571428571428572
[0, 2, 0, 0, 1]: catty, 1.0
[1, 2, 0, 0, 1]: testy, 0.5
[2, 2, 0, 0, 1]: stein, 0.0
[0, 0, 1, 0, 1]: pedal, 1.4807692307692308
[1, 0, 1, 0, 1]: askew, 0.5
[2, 0, 1, 0, 1]: sneak, 0.8
[0, 1, 1, 0, 1]: clept, 1.368421052631579
[1, 1, 1, 0, 1]: None!, 0
[2, 1, 1, 0, 1]: sweat, 0.5
[0, 2, 1, 0, 1]: theta, 0.0
[1, 2, 1, 0, 1]: None!, 0
[2, 2, 1, 0, 1]: melik, 1.0
[0, 0, 2, 0, 1]: delph, 1.25
[1, 0, 2, 0, 1]: leash, 0.0
[2, 0, 2, 0, 1]: None!, 0
[0, 1, 2, 0, 1]: lynch, 1.1818181818181819
[1, 1, 2, 0, 1]: flyer, 1.0
[2, 1, 2, 0, 1]: None!, 0
[0, 2, 2, 0, 1]: None!, 0
[1, 2, 2, 0, 1]: None!, 0
[2, 2, 2, 0, 1]: None!, 0
[0, 0, 0, 1, 1]: cloud, 1.8666666666666667
[1, 0, 0, 1, 1]: milor, 1.2
[2, 0, 0, 1, 1]: owies, 1.1666666666666667
[0, 1, 0, 1, 1]: timer, 1.4090909090909092
[1, 1, 0, 1, 1]: wrest, 0.5
[2, 1, 0, 1, 1]: None!, 0
[0, 2, 0, 1, 1]: other, 0.0
[1, 2, 0, 1, 1]: None!, 0
[2, 2, 0, 1, 1]: None!, 0
[0, 0, 1, 1, 1]: palmy, 1.744186046511628
[1, 0, 1, 1, 1]: None!, 0
[2, 0, 1, 1, 1]: whelm, 1.3333333333333333
[0, 1, 1, 1, 1]: latch, 1.4166666666666667
[1, 1, 1, 1, 1]: None!, 0
[2, 1, 1, 1, 1]: None!, 0
[0, 2, 1, 1, 1]: treat, 0.0
[1, 2, 1, 1, 1]: None!, 0
[2, 2, 1, 1, 1]: None!, 0
[0, 0, 2, 1, 1]: fleck, 1.0
[1, 0, 2, 1, 1]: None!, 0
[2, 0, 2, 1, 1]: None!, 0
[0, 1, 2, 1, 1]: react, 0.0
[1, 1, 2, 1, 1]: None!, 0
[2, 1, 2, 1, 1]: None!, 0
[0, 2, 2, 1, 1]: None!, 0
[1, 2, 2, 1, 1]: None!, 0
[2, 2, 2, 1, 1]: None!, 0
[0, 0, 0, 2, 1]: recur, 0.9523809523809523
[1, 0, 0, 2, 1]: riser, 0.0
[2, 0, 0, 2, 1]: sperm, 0.5
[0, 1, 0, 2, 1]: pheon, 1.0
[1, 1, 0, 2, 1]: None!, 0
[2, 1, 0, 2, 1]: None!, 0
[0, 2, 0, 2, 1]: None!, 0
[1, 2, 0, 2, 1]: None!, 0
[2, 2, 0, 2, 1]: stern, 0.0
[0, 0, 1, 2, 1]: parer, 0.8
[1, 0, 1, 2, 1]: None!, 0
[2, 0, 1, 2, 1]: None!, 0
[0, 1, 1, 2, 1]: avert, 0.6666666666666667
[1, 1, 1, 2, 1]: None!, 0
[2, 1, 1, 2, 1]: None!, 0
[0, 2, 1, 2, 1]: None!, 0
[1, 2, 1, 2, 1]: None!, 0
[2, 2, 1, 2, 1]: None!, 0
[0, 0, 2, 2, 1]: blend, 1.0
[1, 0, 2, 2, 1]: None!, 0
[2, 0, 2, 2, 1]: None!, 0
[0, 1, 2, 2, 1]: heart, 0.5
[1, 1, 2, 2, 1]: None!, 0
[2, 1, 2, 2, 1]: None!, 0
[0, 2, 2, 2, 1]: None!, 0
[1, 2, 2, 2, 1]: None!, 0
[2, 2, 2, 2, 1]: None!, 0
[0, 0, 0, 0, 2]: blond, 1.7272727272727273
[1, 0, 0, 0, 2]: close, 1.2
[2, 0, 0, 0, 2]: clips, 1.5625
[0, 1, 0, 0, 2]: telic, 1.3478260869565217
[1, 1, 0, 0, 2]: those, 0.5
[2, 1, 0, 0, 2]: hilum, 1.0
[0, 2, 0, 0, 2]: teeth, 0.8571428571428572
[1, 2, 0, 0, 2]: None!, 0
[2, 2, 0, 0, 2]: loden, 1.25
[0, 0, 1, 0, 2]: clung, 1.65
[1, 0, 1, 0, 2]: ampul, 1.0
[2, 0, 1, 0, 2]: wells, 1.0
[0, 1, 1, 0, 2]: bathe, 0.8571428571428572
[1, 1, 1, 0, 2]: psych, 1.4
[2, 1, 1, 0, 2]: saute, 0.0
[0, 2, 1, 0, 2]: latte, 0.5
[1, 2, 1, 0, 2]: taste, 0.0
[2, 2, 1, 0, 2]: None!, 0
[0, 0, 2, 0, 2]: clink, 1.4117647058823528
[1, 0, 2, 0, 2]: phase, 0.6666666666666667
[2, 0, 2, 0, 2]: clunk, 1.4166666666666667
[0, 1, 2, 0, 2]: plate, 0.5
[1, 1, 2, 0, 2]: None!, 0
[2, 1, 2, 0, 2]: slate, 0.5
[0, 2, 2, 0, 2]: None!, 0
[1, 2, 2, 0, 2]: None!, 0
[2, 2, 2, 0, 2]: vigil, 1.0
[0, 0, 0, 1, 2]: donee, 1.606060606060606
[1, 0, 0, 1, 2]: porch, 1.0
[2, 0, 0, 1, 2]: sever, 0.8333333333333334
[0, 1, 0, 1, 2]: borer, 1.35
[1, 1, 0, 1, 2]: reset, 0.5
[2, 1, 0, 1, 2]: None!, 0
[0, 2, 0, 1, 2]: trite, 0.5
[1, 2, 0, 1, 2]: None!, 0
[2, 2, 0, 1, 2]: steer, 0.0
[0, 0, 1, 1, 2]: large, 1.1428571428571428
[1, 0, 1, 1, 2]: arise, 0.75
[2, 0, 1, 1, 2]: None!, 0
[0, 1, 1, 1, 2]: eater, 0.0
[1, 1, 1, 1, 2]: None!, 0
[2, 1, 1, 1, 2]: None!, 0
[0, 2, 1, 1, 2]: None!, 0
[1, 2, 1, 1, 2]: None!, 0
[2, 2, 1, 1, 2]: None!, 0
[0, 0, 2, 1, 2]: vocab, 1.6428571428571428
[1, 0, 2, 1, 2]: None!, 0
[2, 0, 2, 1, 2]: None!, 0
[0, 1, 2, 1, 2]: tonic, 1.0
[1, 1, 2, 1, 2]: None!, 0
[2, 1, 2, 1, 2]: None!, 0
[0, 2, 2, 1, 2]: None!, 0
[1, 2, 2, 1, 2]: None!, 0
[2, 2, 2, 1, 2]: None!, 0
[0, 0, 0, 2, 2]: ovels, 1.0
[1, 0, 0, 2, 2]: None!, 0
[2, 0, 0, 2, 2]: pinch, 1.0
[0, 1, 0, 2, 2]: exert, 0.0
[1, 1, 0, 2, 2]: None!, 0
[2, 1, 0, 2, 2]: None!, 0
[0, 2, 0, 2, 2]: None!, 0
[1, 2, 0, 2, 2]: None!, 0
[2, 2, 0, 2, 2]: store, 0.0
[0, 0, 1, 2, 2]: ulzie, 1.0
[1, 0, 1, 2, 2]: None!, 0
[2, 0, 1, 2, 2]: None!, 0
[0, 1, 1, 2, 2]: None!, 0
[1, 1, 1, 2, 2]: None!, 0
[2, 1, 1, 2, 2]: None!, 0
[0, 2, 1, 2, 2]: None!, 0
[1, 2, 1, 2, 2]: None!, 0
[2, 2, 1, 2, 2]: None!, 0
[0, 0, 2, 2, 2]: frigs, 1.0
[1, 0, 2, 2, 2]: None!, 0
[2, 0, 2, 2, 2]: chunk, 1.0
[0, 1, 2, 2, 2]: None!, 0
[1, 1, 2, 2, 2]: None!, 0
[2, 1, 2, 2, 2]: None!, 0
[0, 2, 2, 2, 2]: None!, 0
[1, 2, 2, 2, 2]: None!, 0
[2, 2, 2, 2, 2]: stare, 0.0
