[0, 0, 0, 0, 0]: BONER, 1.3888888888888888
[1, 0, 0, 0, 0]: FELCH, 0.8333333333333334
[2, 0, 0, 0, 0]: CHOKE, 0.75
[0, 1, 0, 0, 0]: CRACK, 0.5
[1, 1, 0, 0, 0]: None!, 0
[2, 1, 0, 0, 0]: None!, 0
[0, 2, 0, 0, 0]: LUBED, 0.75
[1, 2, 0, 0, 0]: PUBIC, 0.0
[2, 2, 0, 0, 0]: CUMMY, 0.0
[0, 0, 1, 0, 0]: BOINK, 0.9
[1, 0, 1, 0, 0]: None!, 0
[2, 0, 1, 0, 0]: None!, 0
[0, 1, 1, 0, 0]: URINE, 0.5
[1, 1, 1, 0, 0]: None!, 0
[2, 1, 1, 0, 0]: None!, 0
[0, 2, 1, 0, 0]: None!, 0
[1, 2, 1, 0, 0]: None!, 0
[2, 2, 1, 0, 0]: None!, 0
[0, 0, 2, 0, 0]: WHORE, 1.0
[1, 0, 2, 0, 0]: WENCH, 0.0
[2, 0, 2, 0, 0]: None!, 0
[0, 1, 2, 0, 0]: None!, 0
[1, 1, 2, 0, 0]: None!, 0
[2, 1, 2, 0, 0]: None!, 0
[0, 2, 2, 0, 0]: None!, 0
[1, 2, 2, 0, 0]: None!, 0
[2, 2, 2, 0, 0]: None!, 0
[0, 0, 0, 1, 0]: TWERK, 0.6666666666666667
[1, 0, 0, 1, 0]: ERECT, 0.5
[2, 0, 0, 1, 0]: THICC, 0.0
[0, 1, 0, 1, 0]: TRUMP, 0.0
[1, 1, 0, 1, 0]: None!, 0
[2, 1, 0, 1, 0]: None!, 0
[0, 2, 0, 1, 0]: None!, 0
[1, 2, 0, 1, 0]: None!, 0
[2, 2, 0, 1, 0]: CUNNY, 0.0
[0, 0, 1, 1, 0]: TWINK, 0.0
[1, 0, 1, 1, 0]: None!, 0
[2, 0, 1, 1, 0]: None!, 0
[0, 1, 1, 1, 0]: None!, 0
[1, 1, 1, 1, 0]: None!, 0
[2, 1, 1, 1, 0]: None!, 0
[0, 2, 1, 1, 0]: None!, 0
[1, 2, 1, 1, 0]: None!, 0
[2, 2, 1, 1, 0]: None!, 0
[0, 0, 2, 1, 0]: None!, 0
[1, 0, 2, 1, 0]: None!, 0
[2, 0, 2, 1, 0]: None!, 0
[0, 1, 2, 1, 0]: None!, 0
[1, 1, 2, 1, 0]: None!, 0
[2, 1, 2, 1, 0]: None!, 0
[0, 2, 2, 1, 0]: None!, 0
[1, 2, 2, 1, 0]: None!, 0
[2, 2, 2, 1, 0]: None!, 0
[0, 0, 0, 2, 0]: GIRTH, 0.75
[1, 0, 0, 2, 0]: None!, 0
[2, 0, 0, 2, 0]: None!, 0
[0, 1, 0, 2, 0]: None!, 0
[1, 1, 0, 2, 0]: None!, 0
[2, 1, 0, 2, 0]: None!, 0
[0, 2, 0, 2, 0]: None!, 0
[1, 2, 0, 2, 0]: None!, 0
[2, 2, 0, 2, 0]: None!, 0
[0, 0, 1, 2, 0]: TAINT, 0.0
[1, 0, 1, 2, 0]: None!, 0
[2, 0, 1, 2, 0]: None!, 0
[0, 1, 1, 2, 0]: TWUNT, 0.0
[1, 1, 1, 2, 0]: None!, 0
[2, 1, 1, 2, 0]: None!, 0
[0, 2, 1, 2, 0]: None!, 0
[1, 2, 1, 2, 0]: None!, 0
[2, 2, 1, 2, 0]: None!, 0
[0, 0, 2, 2, 0]: None!, 0
[1, 0, 2, 2, 0]: None!, 0
[2, 0, 2, 2, 0]: None!, 0
[0, 1, 2, 2, 0]: None!, 0
[1, 1, 2, 2, 0]: None!, 0
[2, 1, 2, 2, 0]: None!, 0
[0, 2, 2, 2, 0]: None!, 0
[1, 2, 2, 2, 0]: None!, 0
[2, 2, 2, 2, 0]: CUNTY, 0.0
[0, 0, 0, 0, 1]: POTTY, 0.5
[1, 0, 0, 0, 1]: SCREW, 0.0
[2, 0, 0, 0, 1]: None!, 0
[0, 1, 0, 0, 1]: None!, 0
[1, 1, 0, 0, 1]: None!, 0
[2, 1, 0, 0, 1]: None!, 0
[0, 2, 0, 0, 1]: None!, 0
[1, 2, 0, 0, 1]: None!, 0
[2, 2, 0, 0, 1]: None!, 0
[0, 0, 1, 0, 1]: SWING, 0.6666666666666667
[1, 0, 1, 0, 1]: None!, 0
[2, 0, 1, 0, 1]: None!, 0
[0, 1, 1, 0, 1]: SPUNK, 0.0
[1, 1, 1, 0, 1]: None!, 0
[2, 1, 1, 0, 1]: None!, 0
[0, 2, 1, 0, 1]: None!, 0
[1, 2, 1, 0, 1]: None!, 0
[2, 2, 1, 0, 1]: None!, 0
[0, 0, 2, 0, 1]: None!, 0
[1, 0, 2, 0, 1]: None!, 0
[2, 0, 2, 0, 1]: None!, 0
[0, 1, 2, 0, 1]: None!, 0
[1, 1, 2, 0, 1]: None!, 0
[2, 1, 2, 0, 1]: None!, 0
[0, 2, 2, 0, 1]: None!, 0
[1, 2, 2, 0, 1]: None!, 0
[2, 2, 2, 0, 1]: None!, 0
[0, 0, 0, 1, 1]: SHART, 0.8
[1, 0, 0, 1, 1]: None!, 0
[2, 0, 0, 1, 1]: None!, 0
[0, 1, 0, 1, 1]: None!, 0
[1, 1, 0, 1, 1]: None!, 0
[2, 1, 0, 1, 1]: None!, 0
[0, 2, 0, 1, 1]: None!, 0
[1, 2, 0, 1, 1]: None!, 0
[2, 2, 0, 1, 1]: None!, 0
[0, 0, 1, 1, 1]: None!, 0
[1, 0, 1, 1, 1]: None!, 0
[2, 0, 1, 1, 1]: None!, 0
[0, 1, 1, 1, 1]: None!, 0
[1, 1, 1, 1, 1]: None!, 0
[2, 1, 1, 1, 1]: None!, 0
[0, 2, 1, 1, 1]: None!, 0
[1, 2, 1, 1, 1]: None!, 0
[2, 2, 1, 1, 1]: None!, 0
[0, 0, 2, 1, 1]: None!, 0
[1, 0, 2, 1, 1]: None!, 0
[2, 0, 2, 1, 1]: None!, 0
[0, 1, 2, 1, 1]: None!, 0
[1, 1, 2, 1, 1]: None!, 0
[2, 1, 2, 1, 1]: None!, 0
[0, 2, 2, 1, 1]: None!, 0
[1, 2, 2, 1, 1]: None!, 0
[2, 2, 2, 1, 1]: None!, 0
[0, 0, 0, 2, 1]: SHITE, 0.0
[1, 0, 0, 2, 1]: None!, 0
[2, 0, 0, 2, 1]: None!, 0
[0, 1, 0, 2, 1]: None!, 0
[1, 1, 0, 2, 1]: None!, 0
[2, 1, 0, 2, 1]: None!, 0
[0, 2, 0, 2, 1]: BUSTY, 0.0
[1, 2, 0, 2, 1]: None!, 0
[2, 2, 0, 2, 1]: None!, 0
[0, 0, 1, 2, 1]: NASTY, 0.0
[1, 0, 1, 2, 1]: None!, 0
[2, 0, 1, 2, 1]: None!, 0
[0, 1, 1, 2, 1]: None!, 0
[1, 1, 1, 2, 1]: None!, 0
[2, 1, 1, 2, 1]: None!, 0
[0, 2, 1, 2, 1]: None!, 0
[1, 2, 1, 2, 1]: None!, 0
[2, 2, 1, 2, 1]: None!, 0
[0, 0, 2, 2, 1]: None!, 0
[1, 0, 2, 2, 1]: None!, 0
[2, 0, 2, 2, 1]: None!, 0
[0, 1, 2, 2, 1]: None!, 0
[1, 1, 2, 2, 1]: None!, 0
[2, 1, 2, 2, 1]: None!, 0
[0, 2, 2, 2, 1]: None!, 0
[1, 2, 2, 2, 1]: None!, 0
[2, 2, 2, 2, 1]: None!, 0
[0, 0, 0, 0, 2]: LABIA, 1.2307692307692308
[1, 0, 0, 0, 2]: DICKS, 0.5
[2, 0, 0, 0, 2]: CRAPS, 0.0
[0, 1, 0, 0, 2]: COCKS, 0.0
[1, 1, 0, 0, 2]: None!, 0
[2, 1, 0, 0, 2]: None!, 0
[0, 2, 0, 0, 2]: PISSY, 1.0
[1, 2, 0, 0, 2]: FUCKS, 0.0
[2, 2, 0, 0, 2]: CUSSY, 0.0
[0, 0, 1, 0, 2]: MOANS, 0.75
[1, 0, 1, 0, 2]: None!, 0
[2, 0, 1, 0, 2]: None!, 0
[0, 1, 1, 0, 2]: None!, 0
[1, 1, 1, 0, 2]: None!, 0
[2, 1, 1, 0, 2]: None!, 0
[0, 2, 1, 0, 2]: NUDES, 0.0
[1, 2, 1, 0, 2]: None!, 0
[2, 2, 1, 0, 2]: None!, 0
[0, 0, 2, 0, 2]: WANGS, 0.8333333333333334
[1, 0, 2, 0, 2]: None!, 0
[2, 0, 2, 0, 2]: None!, 0
[0, 1, 2, 0, 2]: None!, 0
[1, 1, 2, 0, 2]: None!, 0
[2, 1, 2, 0, 2]: None!, 0
[0, 2, 2, 0, 2]: None!, 0
[1, 2, 2, 0, 2]: None!, 0
[2, 2, 2, 0, 2]: None!, 0
[0, 0, 0, 1, 2]: None!, 0
[1, 0, 0, 1, 2]: None!, 0
[2, 0, 0, 1, 2]: None!, 0
[0, 1, 0, 1, 2]: None!, 0
[1, 1, 0, 1, 2]: None!, 0
[2, 1, 0, 1, 2]: None!, 0
[0, 2, 0, 1, 2]: TURDS, 0.0
[1, 2, 0, 1, 2]: None!, 0
[2, 2, 0, 1, 2]: None!, 0
[0, 0, 1, 1, 2]: None!, 0
[1, 0, 1, 1, 2]: None!, 0
[2, 0, 1, 1, 2]: None!, 0
[0, 1, 1, 1, 2]: None!, 0
[1, 1, 1, 1, 2]: None!, 0
[2, 1, 1, 1, 2]: None!, 0
[0, 2, 1, 1, 2]: None!, 0
[1, 2, 1, 1, 2]: None!, 0
[2, 2, 1, 1, 2]: None!, 0
[0, 0, 2, 1, 2]: None!, 0
[1, 0, 2, 1, 2]: None!, 0
[2, 0, 2, 1, 2]: None!, 0
[0, 1, 2, 1, 2]: None!, 0
[1, 1, 2, 1, 2]: None!, 0
[2, 1, 2, 1, 2]: None!, 0
[0, 2, 2, 1, 2]: None!, 0
[1, 2, 2, 1, 2]: None!, 0
[2, 2, 2, 1, 2]: None!, 0
[0, 0, 0, 2, 2]: FARTS, 0.0
[1, 0, 0, 2, 2]: None!, 0
[2, 0, 0, 2, 2]: CLITS, 0.0
[0, 1, 0, 2, 2]: None!, 0
[1, 1, 0, 2, 2]: None!, 0
[2, 1, 0, 2, 2]: None!, 0
[0, 2, 0, 2, 2]: None!, 0
[1, 2, 0, 2, 2]: None!, 0
[2, 2, 0, 2, 2]: None!, 0
[0, 0, 1, 2, 2]: None!, 0
[1, 0, 1, 2, 2]: None!, 0
[2, 0, 1, 2, 2]: None!, 0
[0, 1, 1, 2, 2]: None!, 0
[1, 1, 1, 2, 2]: None!, 0
[2, 1, 1, 2, 2]: None!, 0
[0, 2, 1, 2, 2]: None!, 0
[1, 2, 1, 2, 2]: None!, 0
[2, 2, 1, 2, 2]: None!, 0
[0, 0, 2, 2, 2]: None!, 0
[1, 0, 2, 2, 2]: None!, 0
[2, 0, 2, 2, 2]: None!, 0
[0, 1, 2, 2, 2]: None!, 0
[1, 1, 2, 2, 2]: None!, 0
[2, 1, 2, 2, 2]: None!, 0
[0, 2, 2, 2, 2]: None!, 0
[1, 2, 2, 2, 2]: None!, 0
[2, 2, 2, 2, 2]: CUNTS, 0.0
