[0, 0, 0, 0, 0]: BUTCH, 1.2666666666666666
[1, 0, 0, 0, 0]: TRUMP, 0.0
[2, 0, 0, 0, 0]: POTTY, 0.0
[0, 1, 0, 0, 0]: CHODE, 0.8571428571428572
[1, 1, 0, 0, 0]: GAPED, 0.5
[2, 1, 0, 0, 0]: None!, 0
[0, 2, 0, 0, 0]: ERECT, 0.8
[1, 2, 0, 0, 0]: None!, 0
[2, 2, 0, 0, 0]: PERVY, 0.5
[0, 0, 1, 0, 0]: ORGAN, 0.6666666666666667
[1, 0, 1, 0, 0]: None!, 0
[2, 0, 1, 0, 0]: PORNO, 0.5
[0, 1, 1, 0, 0]: NAKED, 0.0
[1, 1, 1, 0, 0]: None!, 0
[2, 1, 1, 0, 0]: None!, 0
[0, 2, 1, 0, 0]: ENEMA, 0.0
[1, 2, 1, 0, 0]: None!, 0
[2, 2, 1, 0, 0]: None!, 0
[0, 0, 2, 0, 0]: HANDY, 0.75
[1, 0, 2, 0, 0]: None!, 0
[2, 0, 2, 0, 0]: None!, 0
[0, 1, 2, 0, 0]: BONED, 0.5
[1, 1, 2, 0, 0]: None!, 0
[2, 1, 2, 0, 0]: None!, 0
[0, 2, 2, 0, 0]: WENCH, 0.0
[1, 2, 2, 0, 0]: None!, 0
[2, 2, 2, 0, 0]: None!, 0
[0, 0, 0, 1, 0]: FILTH, 1.2142857142857142
[1, 0, 0, 1, 0]: None!, 0
[2, 0, 0, 1, 0]: PRICK, 0.0
[0, 1, 0, 1, 0]: None!, 0
[1, 1, 0, 1, 0]: None!, 0
[2, 1, 0, 1, 0]: None!, 0
[0, 2, 0, 1, 0]: None!, 0
[1, 2, 0, 1, 0]: None!, 0
[2, 2, 0, 1, 0]: None!, 0
[0, 0, 1, 1, 0]: BOINK, 0.75
[1, 0, 1, 1, 0]: None!, 0
[2, 0, 1, 1, 0]: None!, 0
[0, 1, 1, 1, 0]: URINE, 0.5
[1, 1, 1, 1, 0]: None!, 0
[2, 1, 1, 1, 0]: None!, 0
[0, 2, 1, 1, 0]: VEINY, 0.0
[1, 2, 1, 1, 0]: None!, 0
[2, 2, 1, 1, 0]: None!, 0
[0, 0, 2, 1, 0]: KINKY, 0.0
[1, 0, 2, 1, 0]: None!, 0
[2, 0, 2, 1, 0]: None!, 0
[0, 1, 2, 1, 0]: MINGE, 0.5
[1, 1, 2, 1, 0]: None!, 0
[2, 1, 2, 1, 0]: None!, 0
[0, 2, 2, 1, 0]: None!, 0
[1, 2, 2, 1, 0]: None!, 0
[2, 2, 2, 1, 0]: None!, 0
[0, 0, 0, 2, 0]: LABIA, 0.0
[1, 0, 0, 2, 0]: None!, 0
[2, 0, 0, 2, 0]: PUBIC, 0.0
[0, 1, 0, 2, 0]: None!, 0
[1, 1, 0, 2, 0]: None!, 0
[2, 1, 0, 2, 0]: None!, 0
[0, 2, 0, 2, 0]: None!, 0
[1, 2, 0, 2, 0]: None!, 0
[2, 2, 0, 2, 0]: None!, 0
[0, 0, 1, 2, 0]: GROIN, 0.0
[1, 0, 1, 2, 0]: None!, 0
[2, 0, 1, 2, 0]: None!, 0
[0, 1, 1, 2, 0]: None!, 0
[1, 1, 1, 2, 0]: None!, 0
[2, 1, 1, 2, 0]: None!, 0
[0, 2, 1, 2, 0]: None!, 0
[1, 2, 1, 2, 0]: None!, 0
[2, 2, 1, 2, 0]: None!, 0
[0, 0, 2, 2, 0]: None!, 0
[1, 0, 2, 2, 0]: None!, 0
[2, 0, 2, 2, 0]: None!, 0
[0, 1, 2, 2, 0]: None!, 0
[1, 1, 2, 2, 0]: None!, 0
[2, 1, 2, 2, 0]: None!, 0
[0, 2, 2, 2, 0]: None!, 0
[1, 2, 2, 2, 0]: None!, 0
[2, 2, 2, 2, 0]: None!, 0
[0, 0, 0, 0, 1]: SHAFT, 0.6666666666666667
[1, 0, 0, 0, 1]: None!, 0
[2, 0, 0, 0, 1]: None!, 0
[0, 1, 0, 0, 1]: SCREW, 0.0
[1, 1, 0, 0, 1]: SPERM, 0.0
[2, 1, 0, 0, 1]: None!, 0
[0, 2, 0, 0, 1]: SKEET, 0.0
[1, 2, 0, 0, 1]: None!, 0
[2, 2, 0, 0, 1]: None!, 0
[0, 0, 1, 0, 1]: NASTY, 0.0
[1, 0, 1, 0, 1]: SPANK, 0.5
[2, 0, 1, 0, 1]: None!, 0
[0, 1, 1, 0, 1]: None!, 0
[1, 1, 1, 0, 1]: None!, 0
[2, 1, 1, 0, 1]: None!, 0
[0, 2, 1, 0, 1]: None!, 0
[1, 2, 1, 0, 1]: None!, 0
[2, 2, 1, 0, 1]: None!, 0
[0, 0, 2, 0, 1]: SEMEN, 0.0
[1, 0, 2, 0, 1]: None!, 0
[2, 0, 2, 0, 1]: None!, 0
[0, 1, 2, 0, 1]: None!, 0
[1, 1, 2, 0, 1]: None!, 0
[2, 1, 2, 0, 1]: None!, 0
[0, 2, 2, 0, 1]: None!, 0
[1, 2, 2, 0, 1]: None!, 0
[2, 2, 2, 0, 1]: None!, 0
[0, 0, 0, 1, 1]: MOIST, 0.0
[1, 0, 0, 1, 1]: None!, 0
[2, 0, 0, 1, 1]: None!, 0
[0, 1, 0, 1, 1]: SHITE, 0.0
[1, 1, 0, 1, 1]: None!, 0
[2, 1, 0, 1, 1]: None!, 0
[0, 2, 0, 1, 1]: None!, 0
[1, 2, 0, 1, 1]: None!, 0
[2, 2, 0, 1, 1]: None!, 0
[0, 0, 1, 1, 1]: SWING, 0.0
[1, 0, 1, 1, 1]: None!, 0
[2, 0, 1, 1, 1]: None!, 0
[0, 1, 1, 1, 1]: None!, 0
[1, 1, 1, 1, 1]: None!, 0
[2, 1, 1, 1, 1]: None!, 0
[0, 2, 1, 1, 1]: None!, 0
[1, 2, 1, 1, 1]: None!, 0
[2, 2, 1, 1, 1]: None!, 0
[0, 0, 2, 1, 1]: None!, 0
[1, 0, 2, 1, 1]: None!, 0
[2, 0, 2, 1, 1]: None!, 0
[0, 1, 2, 1, 1]: None!, 0
[1, 1, 2, 1, 1]: None!, 0
[2, 1, 2, 1, 1]: None!, 0
[0, 2, 2, 1, 1]: None!, 0
[1, 2, 2, 1, 1]: None!, 0
[2, 2, 2, 1, 1]: None!, 0
[0, 0, 0, 2, 1]: None!, 0
[1, 0, 0, 2, 1]: None!, 0
[2, 0, 0, 2, 1]: None!, 0
[0, 1, 0, 2, 1]: None!, 0
[1, 1, 0, 2, 1]: None!, 0
[2, 1, 0, 2, 1]: None!, 0
[0, 2, 0, 2, 1]: None!, 0
[1, 2, 0, 2, 1]: None!, 0
[2, 2, 0, 2, 1]: None!, 0
[0, 0, 1, 2, 1]: None!, 0
[1, 0, 1, 2, 1]: None!, 0
[2, 0, 1, 2, 1]: None!, 0
[0, 1, 1, 2, 1]: None!, 0
[1, 1, 1, 2, 1]: None!, 0
[2, 1, 1, 2, 1]: None!, 0
[0, 2, 1, 2, 1]: None!, 0
[1, 2, 1, 2, 1]: None!, 0
[2, 2, 1, 2, 1]: None!, 0
[0, 0, 2, 2, 1]: None!, 0
[1, 0, 2, 2, 1]: None!, 0
[2, 0, 2, 2, 1]: None!, 0
[0, 1, 2, 2, 1]: None!, 0
[1, 1, 2, 2, 1]: None!, 0
[2, 1, 2, 2, 1]: None!, 0
[0, 2, 2, 2, 1]: None!, 0
[1, 2, 2, 2, 1]: None!, 0
[2, 2, 2, 2, 1]: None!, 0
[0, 0, 0, 0, 2]: BUTCH, 1.25
[1, 0, 0, 0, 2]: CRAPS, 0.5
[2, 0, 0, 0, 2]: PUSSY, 0.0
[0, 1, 0, 0, 2]: POOPS, 0.0
[1, 1, 0, 0, 2]: None!, 0
[2, 1, 0, 0, 2]: PUBES, 0.0
[0, 2, 0, 0, 2]: LEWDS, 0.5
[1, 2, 0, 0, 2]: None!, 0
[2, 2, 0, 0, 2]: None!, 0
[0, 0, 1, 0, 2]: KNOBS, 0.75
[1, 0, 1, 0, 2]: None!, 0
[2, 0, 1, 0, 2]: None!, 0
[0, 1, 1, 0, 2]: NUDES, 0.0
[1, 1, 1, 0, 2]: None!, 0
[2, 1, 1, 0, 2]: None!, 0
[0, 2, 1, 0, 2]: None!, 0
[1, 2, 1, 0, 2]: None!, 0
[2, 2, 1, 0, 2]: None!, 0
[0, 0, 2, 0, 2]: WANGS, 0.8
[1, 0, 2, 0, 2]: None!, 0
[2, 0, 2, 0, 2]: None!, 0
[0, 1, 2, 0, 2]: None!, 0
[1, 1, 2, 0, 2]: None!, 0
[2, 1, 2, 0, 2]: None!, 0
[0, 2, 2, 0, 2]: None!, 0
[1, 2, 2, 0, 2]: None!, 0
[2, 2, 2, 0, 2]: None!, 0
[0, 0, 0, 1, 2]: GILFS, 1.1666666666666667
[1, 0, 0, 1, 2]: None!, 0
[2, 0, 0, 1, 2]: PISSY, 0.0
[0, 1, 0, 1, 2]: None!, 0
[1, 1, 0, 1, 2]: None!, 0
[2, 1, 0, 1, 2]: None!, 0
[0, 2, 0, 1, 2]: None!, 0
[1, 2, 0, 1, 2]: None!, 0
[2, 2, 0, 1, 2]: None!, 0
[0, 0, 1, 1, 2]: LOINS, 0.0
[1, 0, 1, 1, 2]: None!, 0
[2, 0, 1, 1, 2]: None!, 0
[0, 1, 1, 1, 2]: None!, 0
[1, 1, 1, 1, 2]: None!, 0
[2, 1, 1, 1, 2]: None!, 0
[0, 2, 1, 1, 2]: None!, 0
[1, 2, 1, 1, 2]: None!, 0
[2, 2, 1, 1, 2]: None!, 0
[0, 0, 2, 1, 2]: None!, 0
[1, 0, 2, 1, 2]: None!, 0
[2, 0, 2, 1, 2]: None!, 0
[0, 1, 2, 1, 2]: None!, 0
[1, 1, 2, 1, 2]: None!, 0
[2, 1, 2, 1, 2]: None!, 0
[0, 2, 2, 1, 2]: None!, 0
[1, 2, 2, 1, 2]: None!, 0
[2, 2, 2, 1, 2]: None!, 0
[0, 0, 0, 2, 2]: None!, 0
[1, 0, 0, 2, 2]: None!, 0
[2, 0, 0, 2, 2]: None!, 0
[0, 1, 0, 2, 2]: None!, 0
[1, 1, 0, 2, 2]: None!, 0
[2, 1, 0, 2, 2]: None!, 0
[0, 2, 0, 2, 2]: None!, 0
[1, 2, 0, 2, 2]: None!, 0
[2, 2, 0, 2, 2]: None!, 0
[0, 0, 1, 2, 2]: None!, 0
[1, 0, 1, 2, 2]: None!, 0
[2, 0, 1, 2, 2]: None!, 0
[0, 1, 1, 2, 2]: None!, 0
[1, 1, 1, 2, 2]: None!, 0
[2, 1, 1, 2, 2]: None!, 0
[0, 2, 1, 2, 2]: None!, 0
[1, 2, 1, 2, 2]: None!, 0
[2, 2, 1, 2, 2]: None!, 0
[0, 0, 2, 2, 2]: None!, 0
[1, 0, 2, 2, 2]: None!, 0
[2, 0, 2, 2, 2]: None!, 0
[0, 1, 2, 2, 2]: None!, 0
[1, 1, 2, 2, 2]: None!, 0
[2, 1, 2, 2, 2]: None!, 0
[0, 2, 2, 2, 2]: WENIS, 0.0
[1, 2, 2, 2, 2]: None!, 0
[2, 2, 2, 2, 2]: PENIS, 0.0
